00
e0
22
08
12
0a
12
0c
00
ee
12
06
61
0a
31
0a
62
05
31
14
62
32
42
00
63
04
42
32
63
41
68
00
69
00
58
90
68
1d
58
10
68
0a
98
10
68
17
98
10
68
5a
61
00
71
d1
62
35
81
21
81
22
81
23
61
32
62
3c
81
24
61
c8
62
64
81
24
61
64
62
28
81
25
61
28
62
64
82
15
61
64
62
28
81
27
61
28
62
64
81
27
61
02
81
06
81
06
81
0e
81
0e
61
64
60
14
81
00
a0
7b
f1
1e
61
05
f1
29
61
c8
a0
c8
f1
1e
61
7c
f1
33
f2
65
ff
55
60
00
61
00
62
00
63
00
64
00
65
00
66
00
67
00
68
00
69
00
6a
00
6b
00
6c
00
6d
00
6e
00
6f
00
ff
65
00
c3
00
fb
00
fc
00
ff
00
fe
00
fd
